0.5023 
0.5248 
0.5250 
0.5229 
0.5205 
0.5191 
0.5178 
0.5163 
0.5147 
0.5131 
0.5096 
0.5075 
0.5034 
0.5008 
0.4982 
0.4955 
0.4927 
0.4896 
0.4864 
0.4796 
0.4754 
0.4712 
0.4668 
0.4578 
0.4521 
0.4465 
0.4353 
0.4282 
0.4213 
0.4142 
0.4067 
0.3918 
0.3823 
0.3732 
0.3640 
0.3458 
0.3252 
0.3127 
0.3012 
0.2897 
0.2778 
0.2658 
0.2535 
0.2305 
0.2160 
0.1921 
0.1775 
0.1643 
0.1516 
0.1389 
0.1265 
0.1144 
0.0838 
0.0698 
0.0591 
0.0494 
0.0405 
0.0323 
0.0196 
0.0128 
0.0078 
0.0018 
-0.0005 
-0.0012 
-0.0006 
0.0012 
0.0080 
0.0142 
0.0213 
0.0296 
0.0393 
0.0600 
0.0757 
0.0912 
0.1208 
0.1426 
0.1632 
0.1842 
0.2060 
0.2455 
0.2742 
0.3001 
0.3433 
0.3742 
0.4188 
0.4499 
0.4766 
0.5014 
0.5251 
0.5624 
0.5881 
0.6093 
0.6281 
0.6451 
0.6691 
0.6846 
0.6961 
0.7051 
0.7146 
0.7192 
0.7198 
0.7176 
0.7134 
0.7072 
0.6993 
0.6897 
0.6694 
0.6526 
0.6362 
0.6190 
0.5879 
0.5638 
0.5415 
0.5047 
0.4771 
0.4525 
0.4289 
0.4054 
0.3670 
0.3390 
0.3148 
0.2781 
0.2522 
0.2305 
0.2106 
0.1920 
0.1744 
0.1474 
0.1292 
0.1144 
0.0940 
0.0807 
0.0705 
0.0619 
0.0544 
0.0446 
0.0388 
0.0331 
0.0303 
0.0289 
0.0284 
0.0295 
0.0309 
0.0329 
0.0354 
0.0408 
0.0450 
0.0490 
0.0532 
0.0576 
0.0657 
0.0714 
0.0765 
0.0814 
0.0864 
0.0948 
0.1005 
0.1055 
0.1134 
0.1187 
0.1231 
0.1271 
0.1337 
0.1380 
0.1415 
0.1447 
0.1497 
0.1529 
0.1554 
0.1577 
0.1597 
0.1629 
0.1648 
0.1663 
0.1684 
0.1697 
0.1706 
0.1713 
0.1720 
0.1728 
0.1732 
0.1735 
0.1736 
0.1737 
0.1737 
0.1734 
0.1732 
0.1729 
0.1726 
0.1723 
0.1715 
0.1711 
0.1706 
0.4535 
0.4600 
0.4599 
0.4582 
0.4562 
0.4550 
0.4537 
0.4524 
0.4511 
0.4496 
0.4465 
0.4445 
0.4408 
0.4383 
0.4359 
0.4333 
0.4306 
0.4277 
0.4246 
0.4182 
0.4140 
0.4099 
0.4056 
0.3970 
0.3912 
0.3857 
0.3748 
0.3676 
0.3607 
0.3536 
0.3461 
0.3315 
0.3218 
0.3127 
0.3034 
0.2856 
0.2651 
0.2522 
0.2406 
0.2289 
0.2171 
0.2050 
0.1927 
0.1700 
0.1554 
0.1318 
0.1169 
0.1037 
0.0910 
0.0784 
0.0661 
0.0541 
0.0245 
0.0104 
-0.0002 
-0.0096 
-0.0182 
-0.0260 
-0.0379 
-0.0443 
-0.0489 
-0.0538 
-0.0555 
-0.0556 
-0.0543 
-0.0518 
-0.0438 
-0.0366 
-0.0286 
-0.0194 
-0.0088 
0.0135 
0.0305 
0.0471 
0.0784 
0.1017 
0.1236 
0.1458 
0.1688 
0.2101 
0.2404 
0.2677 
0.3126 
0.3451 
0.3916 
0.4243 
0.4522 
0.4782 
0.5031 
0.5419 
0.5689 
0.5912 
0.6109 
0.6289 
0.6543 
0.6709 
0.6833 
0.6931 
0.7039 
0.7094 
0.7112 
0.7099 
0.7064 
0.7009 
0.6936 
0.6847 
0.6655 
0.6495 
0.6336 
0.6171 
0.5870 
0.5636 
0.5419 
0.5061 
0.4792 
0.4551 
0.4320 
0.4091 
0.3715 
0.3442 
0.3205 
0.2847 
0.2594 
0.2381 
0.2187 
0.2005 
0.1834 
0.1573 
0.1395 
0.1252 
0.1056 
0.0928 
0.0830 
0.0748 
0.0678 
0.0587 
0.0534 
0.0485 
0.0463 
0.0453 
0.0453 
0.0470 
0.0491 
0.0515 
0.0544 
0.0605 
0.0653 
0.0698 
0.0745 
0.0793 
0.0881 
0.0944 
0.0999 
0.1054 
0.1107 
0.1199 
0.1262 
0.1316 
0.1402 
0.1460 
0.1508 
0.1554 
0.1626 
0.1673 
0.1713 
0.1749 
0.1805 
0.1841 
0.1870 
0.1896 
0.1921 
0.1958 
0.1981 
0.1999 
0.2026 
0.2042 
0.2054 
0.2064 
0.2074 
0.2087 
0.2094 
0.2099 
0.2103 
0.2109 
0.2111 
0.2113 
0.2113 
0.2113 
0.2112 
0.2110 
0.2107 
0.2105 
0.2102 
0.4155 
0.4275 
0.4282 
0.4269 
0.4250 
0.4239 
0.4228 
0.4216 
0.4203 
0.4189 
0.4161 
0.4142 
0.4106 
0.4082 
0.4059 
0.4035 
0.4008 
0.3980 
0.3950 
0.3889 
0.3847 
0.3807 
0.3765 
0.3681 
0.3624 
0.3569 
0.3463 
0.3391 
0.3323 
0.3252 
0.3178 
0.3035 
0.2938 
0.2847 
0.2755 
0.2579 
0.2375 
0.2247 
0.2131 
0.2015 
0.1897 
0.1777 
0.1655 
0.1431 
0.1284 
0.1051 
0.0902 
0.0771 
0.0644 
0.0520 
0.0398 
0.0279 
-0.0012 
-0.0152 
-0.0257 
-0.0349 
-0.0434 
-0.0511 
-0.0626 
-0.0688 
-0.0732 
-0.0776 
-0.0791 
-0.0789 
-0.0774 
-0.0746 
-0.0660 
-0.0585 
-0.0501 
-0.0405 
-0.0295 
-0.0067 
0.0108 
0.0279 
0.0599 
0.0837 
0.1061 
0.1288 
0.1523 
0.1943 
0.2252 
0.2531 
0.2987 
0.3318 
0.3791 
0.4125 
0.4410 
0.4675 
0.4928 
0.5322 
0.5598 
0.5826 
0.6028 
0.6212 
0.6472 
0.6643 
0.6772 
0.6874 
0.6987 
0.7047 
0.7071 
0.7062 
0.7030 
0.6979 
0.6909 
0.6822 
0.6635 
0.6478 
0.6322 
0.6159 
0.5862 
0.5630 
0.5416 
0.5061 
0.4794 
0.4555 
0.4324 
0.4097 
0.3724 
0.3451 
0.3215 
0.2860 
0.2608 
0.2395 
0.2202 
0.2021 
0.1850 
0.1591 
0.1415 
0.1273 
0.1078 
0.0952 
0.0854 
0.0773 
0.0705 
0.0616 
0.0565 
0.0519 
0.0498 
0.0490 
0.0491 
0.0512 
0.0534 
0.0561 
0.0592 
0.0657 
0.0707 
0.0755 
0.0804 
0.0855 
0.0946 
0.1012 
0.1071 
0.1127 
0.1184 
0.1279 
0.1345 
0.1402 
0.1492 
0.1553 
0.1604 
0.1652 
0.1728 
0.1778 
0.1820 
0.1858 
0.1917 
0.1956 
0.1988 
0.2016 
0.2042 
0.2082 
0.2107 
0.2128 
0.2157 
0.2175 
0.2189 
0.2201 
0.2211 
0.2227 
0.2236 
0.2242 
0.2248 
0.2255 
0.2259 
0.2263 
0.2264 
0.2265 
0.2265 
0.2265 
0.2264 
0.2262 
0.2261 
0.3980 
0.4097 
0.4104 
0.4091 
0.4074 
0.4063 
0.4053 
0.4041 
0.4029 
0.4016 
0.3989 
0.3970 
0.3936 
0.3913 
0.3890 
0.3866 
0.3841 
0.3813 
0.3784 
0.3723 
0.3683 
0.3643 
0.3602 
0.3519 
0.3463 
0.3409 
0.3304 
0.3233 
0.3166 
0.3096 
0.3023 
0.2881 
0.2785 
0.2695 
0.2604 
0.2429 
0.2227 
0.2100 
0.1985 
0.1870 
0.1753 
0.1634 
0.1513 
0.1290 
0.1144 
0.0913 
0.0765 
0.0635 
0.0509 
0.0386 
0.0265 
0.0147 
-0.0142 
-0.0280 
-0.0384 
-0.0476 
-0.0559 
-0.0635 
-0.0748 
-0.0810 
-0.0852 
-0.0895 
-0.0908 
-0.0905 
-0.0889 
-0.0860 
-0.0772 
-0.0695 
-0.0610 
-0.0513 
-0.0402 
-0.0171 
0.0006 
0.0178 
0.0501 
0.0741 
0.0967 
0.1196 
0.1433 
0.1855 
0.2167 
0.2448 
0.2908 
0.3241 
0.3717 
0.4054 
0.4342 
0.4609 
0.4865 
0.5262 
0.5541 
0.5772 
0.5977 
0.6163 
0.6427 
0.6601 
0.6732 
0.6836 
0.6953 
0.7015 
0.7042 
0.7036 
0.7007 
0.6957 
0.6889 
0.6803 
0.6619 
0.6463 
0.6308 
0.6146 
0.5851 
0.5619 
0.5405 
0.5051 
0.4784 
0.4544 
0.4313 
0.4086 
0.3713 
0.3440 
0.3203 
0.2847 
0.2593 
0.2380 
0.2186 
0.2004 
0.1832 
0.1574 
0.1396 
0.1253 
0.1058 
0.0931 
0.0833 
0.0751 
0.0682 
0.0595 
0.0543 
0.0498 
0.0477 
0.0470 
0.0472 
0.0494 
0.0518 
0.0546 
0.0578 
0.0644 
0.0696 
0.0746 
0.0797 
0.0849 
0.0942 
0.1010 
0.1071 
0.1130 
0.1188 
0.1285 
0.1354 
0.1413 
0.1505 
0.1568 
0.1622 
0.1671 
0.1749 
0.1802 
0.1846 
0.1885 
0.1947 
0.1988 
0.2021 
0.2051 
0.2078 
0.2120 
0.2147 
0.2169 
0.2199 
0.2219 
0.2234 
0.2247 
0.2258 
0.2275 
0.2285 
0.2293 
0.2299 
0.2308 
0.2312 
0.2317 
0.2320 
0.2321 
0.2322 
0.2322 
0.2322 
0.2321 
0.2320 
0.3883 
0.3986 
0.3991 
0.3978 
0.3962 
0.3951 
0.3941 
0.3930 
0.3918 
0.3905 
0.3879 
0.3861 
0.3827 
0.3804 
0.3782 
0.3759 
0.3734 
0.3707 
0.3678 
0.3618 
0.3578 
0.3540 
0.3499 
0.3417 
0.3361 
0.3308 
0.3204 
0.3134 
0.3068 
0.2999 
0.2926 
0.2785 
0.2691 
0.2602 
0.2511 
0.2338 
0.2138 
0.2012 
0.1898 
0.1784 
0.1668 
0.1550 
0.1430 
0.1208 
0.1064 
0.0833 
0.0687 
0.0558 
0.0433 
0.0311 
0.0191 
0.0073 
-0.0214 
-0.0351 
-0.0454 
-0.0545 
-0.0628 
-0.0703 
-0.0815 
-0.0876 
-0.0918 
-0.0960 
-0.0972 
-0.0969 
-0.0952 
-0.0923 
-0.0835 
-0.0757 
-0.0672 
-0.0575 
-0.0463 
-0.0232 
-0.0055 
0.0118 
0.0441 
0.0682 
0.0909 
0.1138 
0.1375 
0.1799 
0.2111 
0.2393 
0.2854 
0.3189 
0.3667 
0.4005 
0.4294 
0.4562 
0.4819 
0.5219 
0.5500 
0.5732 
0.5938 
0.6126 
0.6392 
0.6568 
0.6701 
0.6807 
0.6926 
0.6990 
0.7020 
0.7016 
0.6987 
0.6938 
0.6871 
0.6787 
0.6604 
0.6448 
0.6294 
0.6132 
0.5837 
0.5606 
0.5391 
0.5037 
0.4768 
0.4528 
0.4296 
0.4067 
0.3694 
0.3418 
0.3179 
0.2823 
0.2566 
0.2351 
0.2155 
0.1971 
0.1798 
0.1538 
0.1358 
0.1213 
0.1018 
0.0889 
0.0789 
0.0707 
0.0637 
0.0549 
0.0497 
0.0451 
0.0431 
0.0423 
0.0425 
0.0448 
0.0472 
0.0501 
0.0534 
0.0601 
0.0655 
0.0705 
0.0757 
0.0811 
0.0906 
0.0976 
0.1038 
0.1098 
0.1158 
0.1257 
0.1327 
0.1388 
0.1483 
0.1548 
0.1603 
0.1654 
0.1734 
0.1788 
0.1834 
0.1875 
0.1938 
0.1981 
0.2015 
0.2046 
0.2075 
0.2118 
0.2146 
0.2169 
0.2201 
0.2221 
0.2237 
0.2251 
0.2264 
0.2281 
0.2292 
0.2300 
0.2307 
0.2317 
0.2322 
0.2328 
0.2331 
0.2333 
0.2334 
0.2335 
0.2335 
0.2334 
0.2333 
