0.000
 0.000
 0.002
 0.004
 0.008
 0.012
 0.018
 0.024
 0.031
 0.040
 0.049
 0.059
 0.070
 0.082
 0.095
 0.109
 0.124
 0.139
 0.156
 0.173
 0.191
 0.210
 0.229
 0.250
 0.271
 0.293
 0.315
 0.339
 0.363
 0.387
 0.412
 0.438
 0.464
 0.491
 0.518
 0.546
 0.574
 0.603
 0.632
 0.661
 0.691
 0.721
 0.751
 0.782
 0.813
 0.844
 0.875
 0.906
 0.937
 0.969
 1.000
 1.031
 1.063
 1.094
 1.125
 1.156
 1.187
 1.218
 1.249
 1.279
 1.309
 1.339
 1.368
 1.397
 1.426
 1.454
 1.482
 1.509
 1.536
 1.562
 1.588
 1.613
 1.637
 1.661
 1.685
 1.707
 1.729
 1.750
 1.771
 1.790
 1.809
 1.827
 1.844
 1.861
 1.876
 1.891
 1.905
 1.918
 1.930
 1.941
 1.951
 1.960
 1.969
 1.976
 1.982
 1.988
 1.992
 1.996
 1.998
 2.000
 2.000
 